1.500000 
2.250000 
3.000000 
3.750000 
4.500000 
5.250000 
6.000000 
6.750000 
7.500000 
9.149398 
11.176367 
11.926367 
13.219989 
16.632979 
17.382979 
18.132979 
18.882979 
19.632979 
20.382979 
21.132979 
23.161236 
25.426486 
27.836573 
34.367575 
36.391915 
37.891537 
39.391691 
40.141691 
40.891691 
41.641691 
42.391691 
43.141691 
43.891691 
44.641691 
45.502393 
46.252393 
47.813139 
49.385796 
50.135796 
53.593868 
55.342591 
56.558409 
57.308409 
58.058409 
58.808409 
59.558409 
61.579592 
63.874686 
64.624686 
65.374686 
67.695744 
68.445744 
69.195744 
70.094621 
73.194967 
74.194811 
75.080981 
75.875005 
76.625005 
77.448353 
78.561214 
81.089216 
84.124467 
85.200056 
88.100471 
88.850471 
89.600471 
90.350471 
91.100471 
91.850471 
92.600471 
93.350471 
94.100471 
94.850471 
95.600471 
96.350471 
97.100471 
97.850471 
98.600471 
99.350471 
100.100471 
100.850471 
102.252885 
103.002885 
103.752885 
104.502885 
107.461938 
112.498404 
113.248404 
115.875227 
116.625227 
117.375227 
119.533685 
120.283685 
121.033685 
121.783685 
122.533685 
129.418051 
131.279739 
132.304399 
133.498227 
134.248227 
139.172010 
139.922010 
140.672010 
141.422010 
142.172010 
142.922010 
143.672010 
144.422010 
145.172010 
146.996810 
147.746810 
148.496810 
149.246810 
149.996810 
150.746810 
151.496810 
152.246810 
152.996810 
153.746810 
154.496810 
158.376084 
159.126084 
159.876084 
160.724598 
162.880123 
165.575407 
166.325407 
167.075407 
168.649648 
171.855216 
172.605216 
173.355216 
174.105216 
174.855216 
176.938217 
178.611914 
179.361914 
180.111914 
182.923191 
183.673191 
187.300774 
190.373403 
191.123403 
191.873403 
192.623403 
193.373403 
194.513359 
195.263359 
196.278987 
198.234164 
198.984164 
199.734164 
200.484164 
201.234164 
201.984164 
202.734164 
203.484164 
204.234164 
204.984164 
205.734164 
206.484164 
207.234164 
207.984164 
208.734164 
209.484164 
210.234164 
210.984164 
211.734164 
212.484164 
213.234164 
213.984164 
214.734164 
215.484164 
216.234164 
217.895371 
221.694724 
223.154087 
229.862390 
230.612390 
231.362390 
233.215718 
234.045810 
234.795810 
235.545810 
236.295810 
237.045810 
237.795810 
242.426338 
243.445636 
245.659447 
246.409447 
247.159447 
249.587930 
250.337930 
251.087930 
251.837930 
252.587930 
253.337930 
254.087930 
254.837930 
255.587930 
256.337930 
257.087930 
257.837930 
258.587930 
259.946565 
260.696565 
261.446565 
262.196565 
263.083969 
264.066494 
264.816494 
266.536202 
267.286202 
270.102083 
270.852083 
272.287616 
273.037616 
273.987902 
274.737902 
275.950629 
277.008849 
278.002218 
278.752218 
279.502218 
280.252218 
281.002218 
281.752218 
282.502218 
283.252218 
284.002218 
284.752218 
285.502218 
286.252218 
287.002218 
287.752218 
289.121815 
289.871815 
290.621815 
291.371815 
294.821764 
295.571764 
296.321764 
297.071764 
297.821764 
298.571764 
299.321764 
300.071764 
303.043610 
303.793610 
304.543610 
309.641016 
311.188228 
312.416311 
315.420716 
316.170716 
316.920716 
317.670716 
318.420716 
319.170716 
319.920716 
320.670716 
321.763836 
322.513836 
323.830794 
326.010428 
326.760428 
327.510428 
328.260428 
329.010428 
329.760428 
330.510428 
331.260428 
332.130844 
332.880844 
333.630844 
334.380844 
335.130844 
335.880844 
336.757944 
337.536079 
340.382214 
343.178182 
344.191372 
345.564491 
346.471464 
349.446821 
352.453601 
353.471042 
354.741121 
355.593512 
356.343512 
357.093512 
358.928405 
359.678405 
361.487001 
362.237001 
363.252968 
364.219455 
366.105062 
366.855062 
367.605062 
368.355062 
370.059200 
370.809200 
371.559200 
372.309200 
373.059200 
373.809200 
374.559200 
375.309200 
376.059200 
377.489007 
378.784547 
379.784437 
380.701882 
381.451882 
382.396472 
384.779489 
385.529489 
387.454866 
388.204866 
388.954866 
389.704866 
390.454866 
391.204866 
392.865599 
394.092604 
397.195502 
397.945502 
398.695502 
399.823254 
403.443107 
404.744831 
405.494831 
407.914473 
408.921175 
409.671175 
411.068807 
411.818807 
412.568807 
414.120775 
414.870775 
415.620775 
416.370775 
417.120775 
417.870775 
418.620775 
419.370775 
420.120775 
420.870775 
421.620775 
422.370775 
423.120775 
423.870775 
424.620775 
425.370775 
426.120775 
426.870775 
427.620775 
428.370775 
429.120775 
429.870775 
430.620775 
431.370775 
432.120775 
432.870775 
433.620775 
434.370775 
435.756355 
436.506355 
438.250284 
440.688573 
441.438573 
442.188573 
442.938573 
443.688573 
444.438573 
445.188573 
445.938573 
448.804420 
449.554420 
450.304420 
451.054420 
451.804420 
453.766649 
454.516649 
455.266649 
456.016649 
456.824126 
457.574126 
461.301138 
462.051138 
462.801138 
463.551138 
464.301138 
465.051138 
465.801138 
467.122828 
467.872828 
468.622828 
469.372828 
470.122828 
470.872828 
471.622828 
472.372828 
473.122828 
473.872828 
475.359959 
476.269040 
477.980464 
478.730464 
479.480464 
