0.750000 
1.500000 
2.250000 
3.000000 
3.750000 
4.500000 
5.250000 
6.000000 
6.750000 
8.399398 
10.426367 
11.176367 
12.469989 
15.882979 
16.632979 
17.382979 
18.132979 
18.882979 
19.632979 
20.382979 
22.411236 
24.676486 
27.086573 
33.617575 
35.641915 
37.141537 
38.641691 
39.391691 
40.141691 
40.891691 
41.641691 
42.391691 
43.141691 
43.891691 
44.752393 
45.502393 
47.063139 
48.635796 
49.385796 
52.843868 
54.592591 
55.808409 
56.558409 
57.308409 
58.058409 
58.808409 
60.829592 
63.124686 
63.874686 
64.624686 
66.945744 
67.695744 
68.445744 
69.344621 
72.444967 
73.444811 
74.330981 
75.125005 
75.875005 
76.698353 
77.811214 
80.339216 
83.374467 
84.450056 
87.350471 
88.100471 
88.850471 
89.600471 
90.350471 
91.100471 
91.850471 
92.600471 
93.350471 
94.100471 
94.850471 
95.600471 
96.350471 
97.100471 
97.850471 
98.600471 
99.350471 
100.100471 
101.502885 
102.252885 
103.002885 
103.752885 
106.711938 
111.748404 
112.498404 
115.125227 
115.875227 
116.625227 
118.783685 
119.533685 
120.283685 
121.033685 
121.783685 
128.668051 
130.529739 
131.554399 
132.748227 
133.498227 
138.422010 
139.172010 
139.922010 
140.672010 
141.422010 
142.172010 
142.922010 
143.672010 
144.422010 
146.246810 
146.996810 
147.746810 
148.496810 
149.246810 
149.996810 
150.746810 
151.496810 
152.246810 
152.996810 
153.746810 
157.626084 
158.376084 
159.126084 
159.974598 
162.130123 
164.825407 
165.575407 
166.325407 
167.899648 
171.105216 
171.855216 
172.605216 
173.355216 
174.105216 
176.188217 
177.861914 
178.611914 
179.361914 
182.173191 
182.923191 
186.550774 
189.623403 
190.373403 
191.123403 
191.873403 
192.623403 
193.763359 
194.513359 
195.528987 
197.484164 
198.234164 
198.984164 
199.734164 
200.484164 
201.234164 
201.984164 
202.734164 
203.484164 
204.234164 
204.984164 
205.734164 
206.484164 
207.234164 
207.984164 
208.734164 
209.484164 
210.234164 
210.984164 
211.734164 
212.484164 
213.234164 
213.984164 
214.734164 
215.484164 
217.145371 
220.944724 
222.404087 
229.112390 
229.862390 
230.612390 
232.465718 
233.295810 
234.045810 
234.795810 
235.545810 
236.295810 
237.045810 
241.676338 
242.695636 
244.909447 
245.659447 
246.409447 
248.837930 
249.587930 
250.337930 
251.087930 
251.837930 
252.587930 
253.337930 
254.087930 
254.837930 
255.587930 
256.337930 
257.087930 
257.837930 
259.196565 
259.946565 
260.696565 
261.446565 
262.333969 
263.316494 
264.066494 
265.786202 
266.536202 
269.352083 
270.102083 
271.537616 
272.287616 
273.237902 
273.987902 
275.200629 
276.258849 
277.252218 
278.002218 
278.752218 
279.502218 
280.252218 
281.002218 
281.752218 
282.502218 
283.252218 
284.002218 
284.752218 
285.502218 
286.252218 
287.002218 
288.371815 
289.121815 
289.871815 
290.621815 
294.071764 
294.821764 
295.571764 
296.321764 
297.071764 
297.821764 
298.571764 
299.321764 
302.293610 
303.043610 
303.793610 
308.891016 
310.438228 
311.666311 
314.670716 
315.420716 
316.170716 
316.920716 
317.670716 
318.420716 
319.170716 
319.920716 
321.013836 
321.763836 
323.080794 
325.260428 
326.010428 
326.760428 
327.510428 
328.260428 
329.010428 
329.760428 
330.510428 
331.380844 
332.130844 
332.880844 
333.630844 
334.380844 
335.130844 
336.007944 
336.786079 
339.632214 
342.428182 
343.441372 
344.814491 
345.721464 
348.696821 
351.703601 
352.721042 
353.991121 
354.843512 
355.593512 
356.343512 
358.178405 
358.928405 
360.737001 
361.487001 
362.502968 
363.469455 
365.355062 
366.105062 
366.855062 
367.605062 
369.309200 
370.059200 
370.809200 
371.559200 
372.309200 
373.059200 
373.809200 
374.559200 
375.309200 
376.739007 
378.034547 
379.034437 
379.951882 
380.701882 
381.646472 
384.029489 
384.779489 
386.704866 
387.454866 
388.204866 
388.954866 
389.704866 
390.454866 
392.115599 
393.342604 
396.445502 
397.195502 
397.945502 
399.073254 
402.693107 
403.994831 
404.744831 
407.164473 
408.171175 
408.921175 
410.318807 
411.068807 
411.818807 
413.370775 
414.120775 
414.870775 
415.620775 
416.370775 
417.120775 
417.870775 
418.620775 
419.370775 
420.120775 
420.870775 
421.620775 
422.370775 
423.120775 
423.870775 
424.620775 
425.370775 
426.120775 
426.870775 
427.620775 
428.370775 
429.120775 
429.870775 
430.620775 
431.370775 
432.120775 
432.870775 
433.620775 
435.006355 
435.756355 
437.500284 
439.938573 
440.688573 
441.438573 
442.188573 
442.938573 
443.688573 
444.438573 
445.188573 
448.054420 
448.804420 
449.554420 
450.304420 
451.054420 
453.016649 
453.766649 
454.516649 
455.266649 
456.074126 
456.824126 
460.551138 
461.301138 
462.051138 
462.801138 
463.551138 
464.301138 
465.051138 
466.372828 
467.122828 
467.872828 
468.622828 
469.372828 
470.122828 
470.872828 
471.622828 
472.372828 
473.122828 
474.609959 
475.519040 
477.230464 
477.980464 
478.730464 
479.923740 
480.673740 
481.423740 
486.405482 
487.155482 
487.905482 
488.655482 
489.405482 
491.658234 
492.408234 
493.158234 
493.908234 
496.813023 
498.543670 
499.293670 
500.043670 
500.793670 
501.543670 
502.293670 
503.043670 
503.793670 
504.543670 
505.293670 
506.043670 
506.793670 
507.543670 
508.293670 
509.918409 
512.732834 
513.482834 
514.232834 
514.982834 
516.664957 
517.872864 
521.271683 
522.021683 
522.771683 
523.521683 
524.271683 
525.021683 
525.771683 
526.521683 
527.271683 
528.021683 
528.771683 
529.521683 
530.271683 
531.021683 
531.771683 
532.521683 
533.271683 
534.021683 
534.771683 
535.521683 
536.271683 
537.021683 
537.771683 
538.521683 
539.271683 
540.021683 
540.771683 
541.521683 
542.271683 
543.021683 
543.771683 
544.521683 
545.271683 
546.021683 
546.771683 
547.521683 
548.271683 
549.021683 
549.771683 
550.521683 
553.906068 
554.656068 
555.406068 
556.156068 
556.906068 
557.656068 
558.684756 
559.434756 
561.013533 
561.763533 
562.513533 
563.263533 
564.013533 
564.763533 
565.513533 
566.263533 
567.013533 
567.763533 
568.513533 
569.263533 
570.375714 
571.125714 
573.100206 
573.936068 
574.686068 
580.220665 
580.970665 
581.720665 
582.470665 
583.220665 
584.202492 
585.072800 
586.160936 
586.910936 
587.660936 
588.410936 
589.160936 
589.910936 
590.660936 
591.410936 
593.996748 
595.830913 
596.671257 
598.098866 
598.919748 
599.669748 
